--------- [33817] [7363] [0] [0] [137766] [0] [0] [0] [0] 
xo------- [0] [0] [304] [450] [527] [2902] [1544] [767] [616] 
x-o------ [0] [66] [0] [978] [2648] [9] [1286] [414] [1643] 
x---o---- [0] [10] [7445] [0] [0] [0] [0] [0] [1621] 
x----o--- [0] [23] [0] [2125] [2562] [0] [548] [164] [1699] 
x-------o [0] [52] [214] [0] [2037] [405] [844] [0] [0] 
ox------- [0] [0] [5] [159] [1054] [64] [92] [1] [212] 
-x-o----- [0] [0] [0] [0] [1303] [93] [242] [6] [0] 
-x--o---- [6] [0] [0] [437] [0] [0] [1403] [0] [0] 
-x----o-- [180] [0] [0] [0] [1388] [0] [0] [0] [0] 
-x-----o- [120] [0] [0] [253] [284] [129] [0] [0] [0] 
o---x---- [0] [25680] [14451] [18992] [0] [6794] [8017] [4059] [1641] 
-o--x---- [26187] [0] [0] [5798] [0] [16183] [7034] [3449] [0] 
xoxo----- [0] [0] [0] [0] [1711] [365] [0] [0] [264] 
xox-o---- [0] [0] [0] [0] [0] [0] [0] [7005] [0] 
xox---o-- [0] [0] [0] [14] [125] [860] [0] [393] [1319] 
xox----o- [0] [0] [0] [0] [988] [0] [0] [0] [0] 
xoox----- [0] [0] [0] [0] [32] [2] [34] [38] [20] 
xo-xo---- [0] [0] [0] [0] [0] [7] [90] [10] [5] 
xo-x-o--- [0] [0] [8] [0] [62] [0] [28] [127] [21] 
xo-x--o-- [0] [0] [0] [0] [714] [0] [0] [0] [0] 
xo-x---o- [0] [0] [16] [0] [58] [0] [4] [0] [4] 
xo-x----o [0] [0] [2] [0] [35] [6] [14] [7] [0] 
xoo-x---- [0] [0] [0] [1172] [0] [281] [1147] [723] [20] 
xo-ox---- [0] [0] [266] [0] [0] [7] [1041] [21] [614] 
xo--xo--- [0] [0] [295] [116] [0] [0] [814] [0] [1710] 
xo--x-o-- [0] [0] [18] [1579] [0] [815] [0] [67] [858] 
xo--x--o- [0] [0] [14] [110] [0] [866] [98] [0] [1808] 
xo--x---o [0] [0] [909] [37937] [0] [2135] [926] [403] [0] 
xoo--x--- [0] [0] [0] [76] [699] [0] [128] [0] [14] 
xo-o-x--- [0] [0] [148] [0] [11] [0] [62] [19] [1078] 
xo--ox--- [0] [0] [0] [0] [0] [0] [0] [1888] [0] 
xo---xo-- [0] [0] [79] [0] [372] [0] [0] [174] [646] 
xo---x-o- [0] [0] [0] [0] [870] [0] [8] [0] [10] 
xo---x--o [0] [0] [27] [132] [301] [0] [245] [97] [0] 
xoo---x-- [0] [0] [0] [116] [60] [49] [0] [36] [92] 
xo--o-x-- [0] [0] [0] [366] [0] [0] [0] [127] [0] 
xo---ox-- [0] [0] [0] [196] [20] [0] [0] [2] [20] 
xo----xo- [0] [0] [2] [26] [44] [14] [0] [0] [2] 
xo----x-o [0] [0] [0] [72] [83] [65] [0] [101] [0] 
xoo----x- [0] [0] [0] [0] [100] [271] [15] [0] [0] 
xo--o--x- [0] [0] [41] [66] [0] [22] [43] [0] [100] 
xo---o-x- [0] [0] [12] [14] [65] [0] [138] [0] [7] 
xo----ox- [0] [0] [29] [7] [39] [161] [0] [0] [0] 
xo-----xo [0] [0] [14] [16] [93] [140] [44] [0] [0] 
xoo-----x [0] [0] [0] [54] [206] [4] [10] [238] [0] 
xo-o----x [0] [0] [54] [0] [30] [60] [2] [62] [0] 
xo--o---x [0] [0] [0] [0] [0] [0] [0] [3401] [0] 
xo---o--x [0] [0] [22] [14] [52] [0] [24] [57] [0] 
xo----o-x [0] [0] [74] [8] [76] [112] [0] [245] [0] 
xo-----ox [0] [0] [12] [12] [118] [18] [0] [0] [0] 
xxo-o---- [0] [0] [0] [0] [0] [0] [0] [0] [0] 
xxo--o--- [0] [0] [0] [0] [0] [0] [0] [0] [0] 
xxo---o-- [0] [0] [0] [0] [1916] [0] [0] [0] [0] 
xxo----o- [0] [0] [0] [0] [0] [25] [394] [0] [1445] 
xxo-----o [0] [0] [0] [0] [0] [36] [0] [0] [0] 
x-oxo---- [0] [38] [0] [0] [0] [0] [68] [24] [38] 
x-ox-o--- [0] [0] [0] [0] [2] [0] [300] [0] [26] 
x-ox---o- [0] [0] [0] [0] [20] [90] [6] [0] [22] 
x-ox----o [0] [0] [0] [0] [0] [0] [98] [0] [0] 
x-o-xo--- [0] [0] [0] [16] [0] [0] [0] [26] [2178] 
x-o-x-o-- [0] [196] [0] [54] [0] [890] [0] [188] [108] 
x-o-x--o- [0] [165] [0] [1052] [0] [382] [170] [0] [240] 
x-o-x---o [0] [0] [0] [0] [0] [23694] [0] [1] [0] 
x-o-ox--- [0] [0] [0] [0] [0] [0] [100] [0] [0] 
x-o--xo-- [0] [0] [0] [0] [120] [0] [0] [0] [0] 
x-o--x-o- [0] [9] [0] [38] [3] [0] [36] [0] [6] 
x-o--x--o [0] [19] [0] [14] [23] [0] [90] [0] [0] 
x-o-o-x-- [0] [56] [0] [262] [0] [35] [0] [26] [273] 
x-o--ox-- [0] [6] [0] [18] [2] [0] [0] [0] [240] 
x-o---x-o [0] [0] [0] [0] [68] [40] [0] [0] [0] 
x-o-o--x- [0] [0] [0] [0] [0] [2] [276] [0] [0] 
x-o--o-x- [0] [0] [0] [0] [0] [0] [2] [0] [162] 
x-o----xo [0] [0] [0] [0] [0] [269] [0] [0] [0] 
x-o-o---x [0] [0] [0] [0] [0] [0] [2900] [0] [0] 
x-o---o-x [0] [0] [0] [0] [152] [2] [0] [0] [0] 
xx--oo--- [0] [0] [4] [132] [0] [0] [6] [0] [0] 
xx--o--o- [0] [0] [68] [14] [0] [28] [163] [0] [9] 
xx--o---o [0] [0] [72] [44] [0] [6] [15] [0] [0] 
x-x-o--o- [0] [160] [0] [0] [0] [0] [52] [0] [0] 
x---ox-o- [0] [107] [0] [0] [0] [0] [0] [0] [0] 
x---ox--o [0] [36] [71] [2] [0] [0] [61] [67] [0] 
xx---o-o- [0] [0] [72] [4] [32] [0] [56] [0] [88] 
xx---o--o [0] [0] [2] [0] [8] [0] [20] [8] [0] 
x--x-o--o [0] [0] [119] [0] [0] [0] [42] [5] [0] 
x---xo-o- [0] [148] [302] [110] [0] [0] [138] [0] [24] 
x---xo--o [0] [8] [17408] [0] [0] [0] [0] [0] [0] 
x----o-xo [0] [0] [177] [1] [0] [0] [2] [0] [0] 
oxox----- [0] [0] [0] [0] [30] [2] [21] [4] [34] 
ox-xo---- [0] [0] [0] [0] [0] [0] [0] [0] [321] 
ox-x-o--- [0] [0] [31] [0] [71] [0] [7] [0] [101] 
ox-x----o [0] [0] [0] [0] [72] [2] [0] [0] [0] 
oxo-x---- [0] [0] [0] [181] [0] [145] [107] [2038] [47] 
ox-ox---- [0] [0] [0] [0] [0] [10] [3323] [680] [0] 
ox--xo--- [0] [0] [35] [291] [0] [0] [1163] [1124] [1513] 
ox--x-o-- [0] [0] [0] [623] [0] [0] [0] [2722] [91] 
ox--x--o- [0] [0] [0] [16015] [0] [14233] [11564] [0] [0] 
ox--x---o [0] [0] [466] [0] [0] [218] [2576] [104] [0] 
ox-o-x--- [0] [0] [0] [0] [1] [0] [187] [0] [4] 
ox--ox--- [0] [0] [0] [0] [0] [0] [0] [0] [62] 
ox---xo-- [0] [0] [0] [0] [0] [0] [0] [0] [0] 
ox---x-o- [0] [0] [0] [0] [35] [0] [0] [0] [81] 
ox---x--o [0] [0] [0] [2] [28] [0] [2] [2] [0] 
oxo----x- [0] [0] [0] [2] [2] [2] [2] [0] [2] 
ox-o---x- [0] [0] [0] [0] [4] [4] [0] [0] [6] 
ox--o--x- [0] [0] [0] [0] [0] [0] [0] [0] [0] 
ox---o-x- [0] [0] [0] [0] [2] [0] [2] [0] [10] 
ox----ox- [0] [0] [3] [2] [4] [2] [0] [0] [2] 
ox-----xo [0] [0] [4] [2] [4] [2] [2] [0] [0] 
-x-oxo--- [264] [0] [0] [0] [0] [0] [620] [986] [0] 
-x-ox-o-- [178] [0] [0] [0] [0] [0] [0] [2606] [2] 
-x-ox--o- [26009] [0] [0] [0] [0] [111] [7162] [0] [0] 
-x-ox---o [1016] [0] [0] [0] [0] [272] [0] [1474] [0] 
-x-oox--- [113] [0] [0] [0] [0] [0] [95] [2] [0] 
-x-o-xo-- [94] [0] [0] [0] [0] [0] [0] [0] [0] 
-x-o-x-o- [107] [0] [0] [0] [7] [0] [0] [0] [0] 
-x-oo--x- [0] [0] [0] [0] [0] [1] [0] [0] [0] 
-x-o-o-x- [2] [0] [0] [0] [2] [0] [0] [0] [0] 
-x-xo---o [44] [0] [0] [0] [0] [0] [0] [0] [0] 
-x--x-oo- [0] [0] [0] [0] [0] [0] [0] [0] [11069] 
-x--x-o-o [0] [0] [0] [134] [0] [0] [0] [672] [0] 
xoxoxo--- [0] [0] [0] [0] [0] [0] [1] [16] [625] 
xoxox-o-- [0] [0] [0] [0] [0] [102] [0] [202] [15697] 
xoxox--o- [0] [0] [0] [0] [0] [85] [235] [0] [1009] 
xoxox---o [0] [0] [0] [0] [0] [332] [1030] [27] [0] 
xoxoox--- [0] [0] [0] [0] [0] [0] [0] [135] [76] 
xoxo-xo-- [0] [0] [0] [0] [97] [0] [0] [33] [10] 
xoxo-x-o- [0] [0] [0] [0] [169] [0] [0] [0] [130] 
xoxo-x--o [0] [0] [0] [0] [600] [0] [114] [170] [0] 
xoxoo-x-- [0] [0] [0] [0] [0] [0] [0] [0] [0] 
xoxo-ox-- [0] [0] [0] [0] [1] [0] [0] [22] [4] 
xoxo--x-o [0] [0] [0] [0] [682] [112] [0] [2] [0] 
xoxoo--x- [0] [0] [0] [0] [0] [3520] [0] [0] [0] 
xoxo-o-x- [0] [0] [0] [0] [88] [0] [0] [0] [0] 
xoxo--ox- [0] [0] [0] [0] [25] [28] [0] [0] [616] 
xoxo---xo [0] [0] [0] [0] [96] [5] [235] [0] [0] 
xoxoo---x [0] [0] [0] [0] [0] [502] [0] [0] [0] 
xoxo--o-x [0] [0] [0] [0] [1] [148] [0] [13] [0] 
xoxo---ox [0] [0] [0] [0] [1] [97] [0] [0] [0] 
xoxxo-o-- [0] [0] [0] [0] [0] [0] [0] [99] [0] 
xoxxo---o [0] [0] [0] [0] [0] [1] [295] [34] [0] 
xox-o-x-o [0] [0] [0] [5704] [0] [0] [0] [1] [0] 
xox-o-ox- [0] [0] [0] [283] [0] [3461] [0] [0] [56] 
xoxx--oo- [0] [0] [0] [0] [0] [0] [0] [0] [0] 
xoxx--o-o [0] [0] [0] [0] [0] [0] [0] [810] [0] 
xox-x-oo- [0] [0] [0] [0] [0] [1] [0] [0] [1465] 
xox-x-o-o [0] [0] [0] [0] [0] [0] [0] [883] [0] 
xox--xoo- [0] [0] [0] [0] [0] [0] [0] [0] [94] 
xox---oxo [0] [0] [0] [13] [131] [13] [0] [0] [0] 
xox---oox [0] [0] [0] [0] [178] [4] [0] [0] [0] 
xooxxo--- [0] [0] [0] [0] [0] [0] [1432] [25] [40] 
xooxx-o-- [0] [0] [0] [0] [0] [1] [0] [4] [1558] 
xooxx--o- [0] [0] [0] [0] [0] [172] [4] [0] [967] 
xooxx---o [0] [0] [0] [0] [0] [16] [1456] [0] [0] 
xooxox--- [0] [0] [0] [0] [0] [0] [61] [0] [0] 
xoox-xo-- [0] [0] [0] [0] [64] [0] [0] [0] [0] 
xoox-x-o- [0] [0] [0] [0] [31] [0] [1] [0] [1] 
xoox-x--o [0] [0] [0] [0] [1] [0] [4] [16] [0] 
xooxo--x- [0] [0] [0] [0] [0] [0] [46] [0] [1] 
xoox-o-x- [0] [0] [0] [0] [0] [0] [13] [0] [79] 
xoox--ox- [0] [0] [0] [0] [172] [0] [0] [0] [0] 
xoox---xo [0] [0] [0] [0] [4] [22] [19] [0] [0] 
xooxo---x [0] [0] [0] [0] [0] [0] [211] [4] [0] 
xoox-o--x [0] [0] [0] [0] [139] [0] [1] [46] [0] 
xoox--o-x [0] [0] [0] [0] [163] [7] [0] [0] [0] 
xoox---ox [0] [0] [0] [0] [1] [13] [142] [0] [0] 
xo-xoxo-- [0] [0] [0] [0] [0] [0] [0] [0] [0] 
xo-xox--o [0] [0] [0] [0] [0] [0] [28] [49] [0] 
xo-xoo-x- [0] [0] [38] [0] [0] [0] [61] [0] [5] 
xo-xo-ox- [0] [0] [141] [0] [0] [0] [0] [0] [0] 
xo-xo--xo [0] [0] [9] [0] [0] [21] [34] [0] [0] 
xo-xoo--x [0] [0] [0] [0] [0] [0] [157] [8] [0] 
xo-xo-o-x [0] [0] [0] [0] [0] [0] [0] [0] [0] 
xo-xxoo-- [0] [0] [977] [0] [0] [0] [0] [7] [16717] 
xo-xxo-o- [0] [0] [292] [0] [0] [0] [1] [0] [460] 
xo-xxo--o [0] [0] [765] [0] [0] [0] [49417] [0] [0] 
xo-x-oox- [0] [0] [6] [0] [40] [0] [0] [0] [127] 
xo-x-o-xo [0] [0] [8] [0] [0] [0] [109] [0] [0] 
xo-x-oo-x [0] [0] [83] [0] [70] [0] [0] [18] [0] 
xo-x-o-ox [0] [0] [10] [0] [304] [0] [1] [0] [0] 
xo-xx-oo- [0] [0] [10] [0] [0] [82] [0] [0] [550] 
xo-xx-o-o [0] [0] [0] [0] [0] [28783] [0] [41] [0] 
xo-x-xoo- [0] [0] [0] [0] [25] [0] [0] [0] [0] 
xo-x-xo-o [0] [0] [0] [0] [82] [0] [0] [27] [0] 
xo-x--oxo [0] [0] [12] [0] [96] [10] [0] [0] [0] 
xo-x--oox [0] [0] [0] [0] [106] [1] [0] [0] [0] 
xo-xx--oo [0] [0] [0] [0] [0] [505] [772] [0] [0] 
xo-x-x-oo [0] [0] [0] [0] [10] [0] [16] [0] [0] 
xoooxx--- [0] [0] [0] [0] [0] [0] [1104] [101] [1330] 
xoo-xxo-- [0] [0] [0] [4] [0] [0] [0] [823] [2473] 
xoo-xx-o- [0] [0] [0] [553] [0] [0] [637] [0] [1522] 
xoo-xx--o [0] [0] [0] [2482] [0] [0] [110] [361] [0] 
xoo-xox-- [0] [0] [0] [10] [0] [0] [0] [7] [1219] 
xoo-x-xo- [0] [0] [0] [49] [0] [961] [0] [0] [88] 
xoo-x-x-o [0] [0] [0] [14245] [0] [1] [0] [0] [0] 
xooox--x- [0] [0] [0] [0] [0] [154] [1] [0] [1381] 
xoo-xo-x- [0] [0] [0] [0] [0] [0] [0] [0] [466] 
xoo-x-ox- [0] [0] [0] [1177] [0] [16] [0] [0] [1156] 
xoo-x--xo [0] [0] [0] [0] [0] [11424] [0] [0] [0] 
xo-oxx-o- [0] [0] [76] [0] [0] [0] [1954] [0] [211] 
xo-oxx--o [0] [0] [300] [0] [0] [0] [8448] [66] [0] 
xo--xoxo- [0] [0] [1] [13] [0] [0] [0] [0] [553] 
xo--xox-o [0] [0] [205] [310] [0] [0] [0] [0] [0] 
xo--xoox- [0] [0] [454] [192] [0] [0] [0] [0] [31] 
xo--xo-xo [0] [0] [167] [0] [0] [0] [0] [0] [0] 
xo--xxoo- [0] [0] [1] [817] [0] [0] [0] [0] [199] 
xo--xxo-o [0] [0] [0] [1336] [0] [0] [0] [5] [0] 
xo--x-oxo [0] [0] [3482] [16181] [0] [14076] [0] [0] [0] 
xo--xx-oo [0] [0] [0] [577] [0] [0] [865] [0] [0] 
xoo-oxx-- [0] [0] [0] [25] [0] [0] [0] [85] [0] 
xoo--xxo- [0] [0] [0] [145] [34] [0] [0] [0] [0] 
xoo--xx-o [0] [0] [0] [1] [98] [0] [0] [7] [0] 
xooo-x-x- [0] [0] [0] [0] [2] [0] [13] [0] [337] 
xoo-ox-x- [0] [0] [0] [0] [0] [0] [907] [0] [0] 
xoo--xox- [0] [0] [0] [0] [313] [0] [0] [0] [0] 
xoo--x-xo [0] [0] [0] [553] [8] [0] [2] [0] [0] 
xooo-x--x [0] [0] [0] [0] [856] [0] [52] [25] [0] 
xoo-ox--x [0] [0] [0] [0] [0] [0] [0] [0] [0] 
xoo--xo-x [0] [0] [0] [1] [541] [0] [0] [1] [0] 
xo-oox-x- [0] [0] [37] [0] [0] [0] [165] [0] [376] 
xo-o-x-xo [0] [0] [21] [0] [40] [0] [5] [0] [0] 
xo-oox--x [0] [0] [943] [0] [0] [0] [0] [7] [0] 
xo-o-xo-x [0] [0] [130] [0] [94] [0] [0] [148] [0] 
xo--oxx-o [0] [0] [0] [61] [0] [0] [0] [93] [0] 
xo--oxox- [0] [0] [297] [0] [0] [0] [0] [0] [0] 
xo--ox-xo [0] [0] [11] [1082] [0] [0] [43] [0] [0] 
xo--oxo-x [0] [0] [580] [0] [0] [0] [0] [0] [0] 
xo---xoxo [0] [0] [12] [58] [108] [0] [0] [0] [0] 
xoo-o-xx- [0] [0] [0] [106] [0] [1] [0] [0] [154] 
xoo--oxx- [0] [0] [0] [1] [0] [0] [0] [0] [112] 
xoo---xxo [0] [0] [0] [82] [1] [32] [0] [0] [0] 
xoo-o-x-x [0] [0] [0] [448] [0] [0] [0] [4] [0] 
xoo--ox-x [0] [0] [0] [145] [1] [0] [0] [1] [0] 
xo--ooxx- [0] [0] [1] [79] [0] [0] [0] [0] [91] 
xo--o-xxo [0] [0] [143] [4] [0] [31] [0] [0] [0] 
xo--oox-x [0] [0] [0] [1] [0] [0] [0] [88] [0] 
xo---oxxo [0] [0] [10] [112] [0] [0] [0] [0] [0] 
xoo-o--xx [0] [0] [0] [1] [0] [7] [313] [0] [0] 
xoo---oxx [0] [0] [0] [1] [274] [0] [0] [0] [0] 
xo--o-oxx [0] [0] [4709] [0] [0] [0] [0] [0] [0] 
xxoxoo--- [0] [0] [0] [0] [0] [0] [151] [0] [0] 
xxoxo--o- [0] [0] [0] [0] [0] [1] [124] [0] [0] 
xxoxo---o [0] [0] [0] [0] [0] [1] [154] [0] [0] 
xxo-ox-o- [0] [0] [0] [1] [0] [0] [128] [0] [0] 
xxo-ox--o [0] [0] [0] [0] [0] [0] [114] [0] [0] 
xxo-oox-- [0] [0] [0] [73] [0] [0] [0] [0] [0] 
xxo-o-x-o [0] [0] [0] [157] [0] [48] [0] [0] [0] 
xxo-oo-x- [0] [0] [0] [0] [0] [0] [0] [0] [0] 
xxo-o--xo [0] [0] [0] [0] [0] [0] [2] [0] [0] 
xxox-oo-- [0] [0] [0] [0] [0] [0] [0] [0] [0] 
xxox-o-o- [0] [0] [0] [0] [0] [0] [1] [0] [4] 
xxo-xoo-- [0] [0] [0] [0] [0] [0] [0] [7] [673] 
xxo-xo-o- [0] [0] [0] [0] [0] [0] [13] [0] [148] 
xxo--oox- [0] [0] [0] [0] [49] [0] [0] [0] [22] 
xxox--o-o [0] [0] [0] [0] [0] [1] [0] [1] [0] 
xxo-x-oo- [0] [0] [0] [0] [0] [1] [0] [0] [3391] 
xxo-x-o-o [0] [0] [0] [0] [0] [4] [0] [490] [0] 
xxo--xoo- [0] [0] [0] [0] [0] [0] [0] [0] [0] 
xxo--xo-o [0] [0] [0] [0] [0] [0] [0] [0] [0] 
xxo---oxo [0] [0] [0] [1] [7] [0] [0] [0] [0] 
xxox---oo [0] [0] [0] [0] [0] [4] [1] [0] [0] 
xxo-x--oo [0] [0] [0] [0] [0] [0] [0] [0] [0] 
xxo--x-oo [0] [0] [0] [0] [1] [0] [77] [0] [0] 
x-oxox-o- [0] [0] [0] [0] [0] [0] [67] [0] [0] 
x-oxox--o [0] [0] [0] [0] [0] [0] [19] [0] [0] 
x-oxoo-x- [0] [0] [0] [0] [0] [0] [37] [0] [1] 
x-oxo--xo [0] [0] [0] [0] [0] [19] [1] [0] [0] 
x-oxxo-o- [0] [1] [0] [0] [0] [0] [118] [0] [1033] 
x-oxx--oo [0] [0] [0] [0] [0] [34] [460] [0] [0] 
x-ox-x-oo [0] [1] [0] [0] [43] [0] [19] [0] [0] 
x-o-xoox- [0] [739] [0] [1] [0] [0] [0] [0] [1231] 
x-o-xxo-o [0] [0] [0] [139] [0] [0] [0] [2164] [0] 
x-o-xx-oo [0] [0] [0] [745] [0] [0] [433] [0] [0] 
x-o-oxx-o [0] [66] [0] [1] [0] [0] [0] [1] [0] 
x-o-ox-xo [0] [0] [0] [0] [0] [0] [270] [0] [0] 
x-o--xoxo [0] [0] [0] [0] [175] [0] [0] [0] [0] 
x-o-ooxx- [0] [0] [0] [55] [0] [0] [0] [0] [22] 
xx-xoo-o- [0] [0] [34] [0] [0] [0] [22] [0] [7] 
xx-xoo--o [0] [0] [70] [0] [0] [0] [7] [1] [0] 
xx--oo-xo [0] [0] [7] [0] [0] [0] [1] [0] [0] 
xx--ox-oo [0] [0] [34] [4] [0] [0] [19] [0] [0] 
xx-x-o-oo [0] [0] [1] [0] [0] [0] [4] [0] [0] 
xx--xo-oo [0] [0] [253] [0] [0] [0] [0] [0] [0] 
oxoxxo--- [0] [0] [0] [0] [0] [0] [1] [787] [174] 
oxoxx-o-- [0] [0] [0] [0] [0] [199] [0] [316] [1] 
oxoxx--o- [0] [0] [0] [0] [0] [1] [907] [0] [11] 
oxoxx---o [0] [0] [0] [0] [0] [157] [0] [370] [0] 
oxoxox--- [0] [0] [0] [0] [0] [0] [0] [0] [0] 
oxox-xo-- [0] [0] [0] [0] [10] [0] [0] [0] [0] 
oxox-x-o- [0] [0] [0] [0] [4] [0] [4] [0] [1] 
oxoxo--x- [0] [0] [0] [0] [0] [0] [0] [0] [0] 
oxox-o-x- [0] [0] [0] [0] [7] [0] [10] [0] [1] 
oxox---xo [0] [0] [0] [0] [7] [1] [0] [0] [0] 
ox-xox-o- [0] [0] [1] [0] [0] [0] [0] [0] [6] 
ox-xxo-o- [0] [0] [6764] [0] [0] [0] [8526] [0] [237] 
ox-xxo--o [0] [0] [292] [0] [0] [0] [0] [382] [0] 
ox-x-o-xo [0] [0] [0] [0] [7] [0] [0] [0] [0] 
ox-oxx-o- [0] [0] [0] [0] [0] [0] [13860] [0] [0] 
ox-oxx--o [0] [0] [1] [0] [0] [0] [445] [214] [0] 
ox--xxoo- [0] [0] [0] [619] [0] [0] [0] [0] [0] 
ox--xxo-o [0] [0] [0] [205] [0] [0] [0] [4] [0] 
ox-oox-x- [0] [0] [0] [0] [0] [0] [0] [0] [0] 
ox--oxox- [0] [0] [1] [0] [0] [0] [0] [0] [1] 
-x-oxxoo- [0] [0] [0] [0] [0] [0] [0] [0] [0] 
